[views/ingest_data_checks]
version = 9.1.2
modtime = 1713258475.246200000

[views/indexes]
version = 9.1.2
modtime = 1713256715.724973000

[views/queues_checks]
version = 9.1.2
modtime = 1713258221.068918000
